51
87
77
23
55
70
70
11
28
32
80
20
76
59
40
48
62
35
69
2
39
2
29
35
88
66
82
30
77
41
38
15
91
59
75
4
2
6
50
91
38
42
71
100
91
6
60
42
6
3
89
3
34
91
83
29
39
37
39
95
18
67
42
12
25
12
67
78
92
27
96
82
93
36
32
31
19
41
21
56
69
80
94
18
97
59
99
14
39
39
3
31
92
22
90
18
62
86
83
67
62
51
76
35
19
48
81
26
17
61
65
83
94
89
35
10
91
33
53
14
39
8
26
79
67
52
49
13
17
89
32
45
7
13
14
15
94
52
68
21
32
72
58
27
5
88
37
68
13
88
76
92
3
81
60
38
76
94
80
84
19
26
21
80
87
28
13
21
1
11
82
43
76
36
14
91
3
64
92
3
50
50
85
89
39
88
97
29
10
65
23
91
42
99
28
61
55
98
70
30
73
61
15
8
22
23
38
28
99
73
32
20
86
26
20
84
100
98
60
31
21
28
10
71
36
81
35
4
58
70
33
94
17
66
95
26
5
59
85
58
85
99
21
10
34
4
37
30
85
76
82
49
26
98
57
68
1
9
59
80
4
8
34
32
21
26
18
94
85
47
33
12
97
62
63
90
33
24
80
22
66
84
59
43
32
37
99
65
7
81
20
85
65
92
93
13
81
69
19
71
87
42
76
58
48
46
61
3
19
38
77
61
68
56
63
32
11
92
25
51
44
99
78
41
42
82
85
40
42
59
3
67
62
14
99
77
29
99
60
46
52
50
47
23
22
82
98
88
96
54
79
26
40
62
25
21
26
22
67
26
91
24
42
54
58
82
2
53
45
73
72
75
93
44
91
23
36
28
71
81
14
37
21
29
5
1
24
64
6
40
55
22
29
92
80
93
48
46
41
45
42
80
77
37
61
56
33
17
67
85
63
32
53
64
3
36
93
82
8
24
32
76
81
25
30
87
65
35
34
90
24
18
14
68
95
69
69
34
81
38
13
45
54
88
65
43
56
4
35
32
49
85
83
23
29
35
53
70
44
26
50
46
46
48
65
82
13
98
23
11
66
90
21
100
96
55
27
98
69
25
76
15
51
88
64
19
6
59
95
63
7
95
20
62
56
14
10
100
88
9
65
1
2
17
12
5
9
93
78
2
87
34
35
23
26
29
77
53
38
45
38
24
72
1
31
34
54
4
77
100
48
77
91
33
59
5
88
18
52
55
55
41
99
40
80
84
17
27
49
98
35
18
69
39
68
57
99
42
96
47
38
88
93
3
27
88
90
81
28
95
19
85
84
20
56
58
87
90
73
63
40
4
30
74
24
66
22
70
32
83
54
15
42
10
87
11
95
24
71
79
21
54
40
14
59
23
25
45
13
97
82
72
67
9
6
84
15
55
36
34
71
95
23
47
83
36
1
12
79
87
97
39
69
80
80
2
64
55
57
65
93
29
64
11
77
32
37
93
35
60
8
1
15
43
16
64
72
40
9
46
53
36
82
11
54
61
78
31
13
30
29
21
4
42
79
99
78
36
45
53
52
64
11
84
56
32
1
89
22
29
21
74
59
78
60
16
32
45
8
71
48
50
1
57
36
25
18
9
74
39
75
55
44
19
53
83
87
20
30
55
63
71
50
84
96
3
52
17
74
17
44
86
5
61
17
62
91
96
83
41
62
40
59
99
73
5
46
21
23
81
43
33
38
70
11
52
61
18
66
51
60
91
100
29
50
61
45
28
17
9
40
46
1
19
45
94
42
6
38
83
44
2
67
36
64
94
58
76
9
79
94
29
50
81
57
43
41
65
36
86
68
14
26
40
48
72
5
20
64
34
44
4
55
54
80
20
4
79
45
51
92
86
51
69
81
1
70
65
34
64
31
45
18
97
17
93
14
75
26
32
33
1
53
85
27
91
16
12
2
89
33
23
22
63
35
63
68
97
26
87
11
40
54
21
79
36
20
62
79
92
22
27
56
19
89
77
88
48
92
13
74
24
50
64
8
74
68
44
71
44
16
88
14
52
53
1
9
85
85
2
47
31
87
40
78
100
44
93
30
9
47
98
89
48
28
40
53
7
87
52
62
21
38
13
18
40
92
81
46
55
94
19
87
84
69
48
29
52
50
1
38
74
75
84
54
94
67
68
86
27
20
34
58
2
54
21
56
96
54
98
5
58
100
13
90
60
6
3
80
52
38
60
95
59
18
62
57
52
6
26
33
16
10
11
54
30
1
69
87
60
81
64
79
74
59
73
81
13
53
28
